64.37 62.5 63.5 63.37 63.12
67.37 65.37 67.5 67 66.87
70.12 70 69.25 69.62 69
69 71.25 70.62 70.12 71
70.37 70.37 68.62 69.37 69.12
69.62 68.37 67.12 67.25 66.75
68.87 69.37 68.12 67.62 67.62
67 67.25 66.25 66 65.12
65 62 63.37 63.5 62.75
63.25 62 61.12 61 61.62
62.25 61.37 60.12 59.87 59.12
59.62 58.87 58.25 56.75 54.12
54.75 53 57.5 55.87 55.75
54.87 55.5 54.87 54.87 53.37
53.5 54.62 54.25 53.5 53
52 51.12 51.25 51.25 51.25
53.87 53.5 53.75 55.37 54.5
54.87 54.87 54.37 54 55.37
54.87 55.12 53.87 52.12 52.25
53.25 53 52.5 53 53.37
52.75 52.87 53.75 54.75 54.75
55.25 56.37 54.37 55.37 56
56.37 58.12 57 57.12 56.75
57.5 58 58 58.87 60.37
58.87 59.62 57.87 57.87 58.87
59.37 59.75 59.25 59.75 58.75
59.5 60.62 61.12 61.12 62
61.75 61.5 61.62 62.75 65
63.75 64.25 65.62 65.12 66
65.12 64.87 64.75 64.37 65
65.12 65.5 65.25 65.12 64.75
64.25 65.62 65.75 65.25 66.75
66.75 66.75 68.87 68.75 66.37
66 66.87 67.5 67.37 67.12
66.75 65.87 65 65.5 65.5
66.12 67.5 66.62 66.5 64.25
66.12 65.75 66.37 65.87 66.12
65.62 67.25 66.5 67 68.12
66.87 67.5 66.12 64.62 63.75
64.12 65.62 65.37 66.25 68
67.75 70 70.12 69.25 70.5
69.75 70.37 68.62 68 68.5
68 67.75 65.87 66.62 66.12
66.62 65.5 65.12 66.62 67.5
67.5 68.5 66.5 67.12 67.25
67.12 70.87 71.25 71.62 71.62
72 71.37 72 70.37 70.37
69.5 68.75 68.75 68.12 66.5
67.87 68 68.37 67.5 66.37
66.12 63.75 64.5 6575 64.5
